    0.01     8.4036
    0.03     8.5289
    0.04     8.5908
    0.05     8.6985
    0.07     8.7224
    0.08     8.8667
    0.09     8.9050
    0.11     9.0293
    0.12     9.1406
    0.13     9.1957
    0.15     9.3310
    0.16     9.4345
    0.17     9.5152
    0.19     9.6381
    0.20     9.7421
    0.21     9.8697
    0.23     9.9798
    0.24    10.0344
    0.25    10.1508
    0.27    10.2850
    0.28    10.3852
    0.29    10.4737
    0.31    10.5987
    0.32    10.7176
    0.33    10.9199
    0.35    10.9765
    0.36    11.1153
    0.37    11.2144
    0.39    11.3673
    0.40    11.4957
    0.41    11.6675
    0.43    11.7576
    0.44    11.9449
    0.45    12.0506
    0.47    12.2335
    0.48    12.3129
    0.49    12.4950
    0.51    12.6191
    0.52    12.7703
    0.53    12.9467
    0.55    13.1468
    0.56    13.2562
    0.57    13.4075
    0.59    13.5828
    0.60    13.7512
    0.61    13.9487
    0.63    14.1078
    0.64    14.2864
    0.65    14.4849
    0.67    14.6396
    0.68    14.8434
    0.69    15.0758
    0.71    15.1903
    0.72    15.4322
    0.73    15.6338
    0.75    15.7893
    0.76    16.0034
    0.77    16.2994
    0.79    16.4977
    0.80    16.7112
    0.81    16.9406
    0.83    17.0747
    0.84    17.3322
    0.85    17.6035
    0.87    17.8129
    0.88    18.0888
    0.89    18.2903
    0.91    18.5493
    0.92    18.8428
    0.93    19.0455
    0.95    19.3245
    0.96    19.5743
    0.97    19.9263
    0.99    20.1586
    1.00    20.4232